BLEU-1: 0.35674398077995173
BLEU-2: 0.17030332240763874
BLEU-3: 0.12170338107914261
BLEU-4: 0.05493477725774873
